<?xml version="2.0" ?>
<Type>saved</Type>
<Name></Name>
<Description></Description>
<Shader>post</Shader>
<Terrain>
    <Heightmap>Data/Textures/Terrain/forest_creek/forest_creek_hm.png</Heightmap>
    <ShaderExtra></ShaderExtra>
    <DetailMap></DetailMap>
    <ColorMap>Data/Textures/Terrain/forest_creek/forest_creek_c.tga</ColorMap>
    <DetailMaps>
        <DetailMap colorpath="Data/Textures/Terrain/DetailTextures/grass.tga" normalpath="Data/Textures/Terrain/DetailTextures/grass_normal.png" materialpath="Data/Materials/default.xml" />
        <DetailMap colorpath="Data/Textures/Terrain/DetailTextures/dirt.tga" normalpath="Data/Textures/Terrain/DetailTextures/dirt_normal.png" materialpath="Data/Materials/default.xml" />
        <DetailMap colorpath="Data/Textures/Terrain/DetailTextures/roots.tga" normalpath="Data/Textures/Terrain/DetailTextures/roots_normal.tga" materialpath="Data/Materials/default.xml" />
        <DetailMap colorpath="Data/Textures/Terrain/DetailTextures/rubble.tga" normalpath="Data/Textures/Terrain/DetailTextures/rubble_normal.tga" materialpath="Data/Materials/default.xml" />
    </DetailMaps>
    <DetailObjects />
</Terrain>
<OutOfDate NavMesh="true" />
<AmbientSounds />
<Script>Data/Levels/Haven/Scripts/standardlevel_music2.as</Script>
<LevelScriptParameters>
    <parameter name="Achievements" type="string" val="flawless, no_injuries, no_kills" />
    <parameter name="Fog amount" type="string" val="2.3000000000000003" />
    <parameter name="HDR Black point" type="string" val="0.045" />
    <parameter name="HDR Bloom multiplier" type="string" val="0.534" />
    <parameter name="HDR White point" type="string" val="0.6990000000000001" />
    <parameter name="Level Boundaries" type="string" val="1" />
    <parameter name="Objectives" type="string" val="must_visit_trigger" />
    <parameter name="Sky Brightness" type="string" val="0.49" />
    <parameter name="Sky Rotation" type="string" val="276" />
    <parameter name="Sky Tint" type="string" val="39, 39, 48" />
</LevelScriptParameters>
<Sky>
    <DomeTexture>Data/Textures/skies/cirrus2_volcano_slope.tga</DomeTexture>
    <SunAngularRad>0.278659</SunAngularRad>
    <SunColorAngle>359.715</SunColorAngle>
    <RayToSun r0="-0.0758965" r1="0.665046" r2="0.742936" />
</Sky>
<ActorObjects>
    <CameraObject t0="-141.634" t1="37.9339" t2="16.9822" s0="1" s1="1" s2="1" q0="0.223652" q1="0.776312" q2="-0.41241" r0="-0.545483" r1="1.19209e-007" r2="-0.838122" r3="0" r4="0.694493" r5="0.559796" r6="-0.452004" r7="0" r8="0.469177" r9="-0.82863" r10="-0.30536" r11="0" r12="0" r13="0" r14="0" r15="1" id="37">
        <parameters />
    </CameraObject>
    <EnvObject t0="-155.311" t1="32.7583" t2="26.0569" s0="1.04689" s1="1.04689" s2="1.04689" q0="-0.174243" q1="-0.897844" q2="-0.00269059" r0="-0.612262" r1="0.31071" r2="0.727045" r3="0" r4="0.315062" r5="0.939264" r6="-0.136083" r7="0" r8="-0.72517" r9="0.145746" r10="-0.672969" r11="0" r12="0" r13="0" r14="0" r15="1" id="4" color_r="1" color_g="1" color_b="1" type_file="Data\Custom\timbles\therium-2\Objects\boat.xml">
        <parameters />
    </EnvObject>
    <ActorObject t0="-169.594" t1="35.6755" t2="19.3206" s0="1" s1="1" s2="1" q0="0.0193338" q1="0.485878" q2="-0.0140988" r0="0.527448" r1="-0.00584848" r2="-0.849567" r3="0" r4="0.0434239" r5="0.998855" r6="0.0200833" r7="0" r8="0.848477" r9="-0.0474844" r10="0.527098" r11="0" r12="0" r13="0" r14="0" r15="1" id="5" type_file="Data/Objects/characters/cats/fancy_striped_cat_actor.xml" is_player="0">
        <parameters>
            <parameter name="Aggression" type="string" val="0.5" />
            <parameter name="Attack Damage" type="string" val="1" />
            <parameter name="Attack Knockback" type="string" val="1" />
            <parameter name="Attack Speed" type="string" val="1" />
            <parameter name="Block Follow-up" type="string" val="0.5" />
            <parameter name="Block Skill" type="string" val="0.5" />
            <parameter name="Character Scale" type="string" val="1.4" />
            <parameter name="Damage Resistance" type="string" val="2" />
            <parameter name="Ear Size" type="string" val="1" />
            <parameter name="Fat" type="string" val="0.5" />
            <parameter name="Focus FOV distance" type="string" val="10" />
            <parameter name="Focus FOV horizontal" type="string" val="0.63" />
            <parameter name="Focus FOV vertical" type="string" val="0.63" />
            <parameter name="Ground Aggression" type="string" val="0.5" />
            <parameter name="Knockout Shield" type="string" val="0" />
            <parameter name="Left handed" type="string" val="0" />
            <parameter name="Movement Speed" type="string" val="1" />
            <parameter name="Muscle" type="string" val="0.8" />
            <parameter name="Peripheral FOV distance" type="string" val="4" />
            <parameter name="Peripheral FOV horizontal" type="string" val="1.4100000000000001" />
            <parameter name="Peripheral FOV vertical" type="string" val="1.4100000000000001" />
            <parameter name="Static" type="string" val="1" />
            <parameter name="Teams" type="string" val="cat" />
        </parameters>
        <Connections>
            <Connection id="-1" />
        </Connections>
        <ItemConnections />
        <Palette>
            <Color label="Fur" channel="0" red="0" green="0" blue="0" />
            <Color label="Leather" channel="1" red="0.121569" green="0.105882" blue="0.105882" />
            <Color label="Shirt" channel="2" red="0.635294" green="0.0588235" blue="0.0588235" />
            <Color label="Pants" channel="3" red="0.2" green="0.0196078" blue="0.0196078" />
        </Palette>
    </ActorObject>
    <EnvObject t0="-150.935" t1="27.7578" t2="45.8016" s0="10.4415" s1="10.5411" s2="7.73971" q0="0.725778" q1="-0.047535" q2="0.0731846" r0="0.984769" r1="0.0308785" r2="0.171105" r3="0" r4="-0.168878" r5="-0.0642193" r6="0.983543" r7="0" r8="0.0413585" r9="-0.997458" r10="-0.0580265" r11="0" r12="0" r13="0" r14="0" r15="1" id="9" color_r="1" color_g="1" color_b="1" type_file="Data/Objects/Buildings/PostRound1.xml">
        <parameters />
    </EnvObject>
    <EnvObject t0="-142.31" t1="29.3124" t2="27.0316" s0="10.4415" s1="10.5411" s2="7.73971" q0="0.655062" q1="-0.273803" q2="0.126393" r0="0.818113" r1="-0.18359" r2="0.544964" r3="0" r4="-0.533842" r5="0.109837" r6="0.83842" r7="0" r8="-0.213783" r9="-0.976847" r10="-0.00814863" r11="0" r12="0" r13="0" r14="0" r15="1" id="10" color_r="1" color_g="1" color_b="1" type_file="Data/Objects/Buildings/PostRound1.xml">
        <parameters />
    </EnvObject>
    <EnvObject t0="-137.2" t1="27.1782" t2="43.9839" s0="10.4415" s1="10.5411" s2="7.73971" q0="0.16996" q1="-0.667455" q2="0.704646" r0="-0.884044" r1="0.0134904" r2="0.467208" r3="0" r4="-0.467253" r5="-0.0508248" r6="-0.882662" r7="0" r8="0.0118383" r9="-0.998616" r10="0.0512348" r11="0" r12="0" r13="0" r14="0" r15="1" id="11" color_r="1" color_g="1" color_b="1" type_file="Data/Objects/Buildings/PostRound1.xml">
        <parameters />
    </EnvObject>
    <EnvObject t0="-139.023" t1="26.7384" t2="35.2831" s0="10.4415" s1="10.5411" s2="7.73971" q0="0.0489299" q1="-0.732252" q2="0.677472" r0="-0.990323" r1="-0.00466698" r2="0.138705" r3="0" r4="-0.138649" r5="0.0772751" r6="-0.987322" r7="0" r8="-0.00611065" r9="-0.996999" r10="-0.0771743" r11="0" r12="0" r13="0" r14="0" r15="1" id="12" color_r="1" color_g="1" color_b="1" type_file="Data/Objects/Buildings/PostRound1.xml">
        <parameters />
    </EnvObject>
    <ReflectionCaptureObject t0="-156.224" t1="33.7785" t2="44.2622" s0="5.12468" s1="5.12468" s2="5.12468" q0="0" q1="0" q2="0" r0="1" r1="0" r2="0" r3="0" r4="0" r5="1" r6="0" r7="0" r8="0" r9="0" r10="1" r11="0" r12="0" r13="0" r14="0" r15="1" id="13" gicoeff00="0" gicoeff01="0" gicoeff02="0" gicoeff03="0" gicoeff04="0" gicoeff05="0" gicoeff06="0" gicoeff07="0" gicoeff08="0" gicoeff09="0" gicoeff10="0" gicoeff11="0" gicoeff12="0" gicoeff13="0" gicoeff14="0" gicoeff15="0" gicoeff16="0" gicoeff17="0">
        <parameters>
            <parameter name="Global" type="string" val="1" />
        </parameters>
    </ReflectionCaptureObject>
    <Hotspot t0="209.183" t1="29.1717" t2="-108.919" s0="364.225" s1="1" s2="333.472" q0="0" q1="0" q2="0" r0="1" r1="0" r2="0" r3="0" r4="0" r5="1" r6="0" r7="0" r8="0" r9="0" r10="1" r11="0" r12="0" r13="0" r14="0" r15="1" id="14" type_file="Data/Objects/Hotspots/generic_kill.xml">
        <parameters />
    </Hotspot>
    <EnvObject t0="-169.977" t1="28.8587" t2="54.7083" s0="6.18899" s1="2.14783" s2="2.5711" q0="0" q1="0.728391" q2="0" r0="-0.0611069" r1="0" r2="-0.998131" r3="0" r4="0" r5="1" r6="0" r7="0" r8="0.998131" r9="0" r10="-0.0611069" r11="0" r12="0" r13="0" r14="0" r15="1" id="15" color_r="1" color_g="1" color_b="1" type_file="Data/Objects/Environment/Rocks/strata_rocks/strata_rock_facade.xml">
        <parameters />
    </EnvObject>
    <EnvObject t0="-156.317" t1="30.0153" t2="65.2372" s0="6.18899" s1="2.35447" s2="2.54554" q0="0" q1="-0.930126" q2="0" r0="-0.730269" r1="0" r2="0.68316" r3="0" r4="-0" r5="1" r6="0" r7="0" r8="-0.68316" r9="-0" r10="-0.730269" r11="0" r12="0" r13="0" r14="0" r15="1" id="16" color_r="1" color_g="1" color_b="1" type_file="Data/Objects/Environment/Rocks/strata_rocks/strata_rock_facade.xml">
        <parameters />
    </EnvObject>
    <EnvObject t0="-110.606" t1="38.9454" t2="-28.6724" s0="11.3155" s1="3.92692" s2="4.7008" q0="0" q1="0.458959" q2="0" r0="0.578713" r1="0" r2="-0.815531" r3="0" r4="0" r5="1" r6="0" r7="0" r8="0.815531" r9="0" r10="0.578713" r11="0" r12="0" r13="0" r14="0" r15="1" id="17" color_r="1" color_g="1" color_b="1" type_file="Data/Objects/Environment/Rocks/strata_rocks/strata_rock_facade.xml">
        <parameters />
    </EnvObject>
    <EnvObject t0="-163.072" t1="30.1372" t2="59.3997" s0="7.49627" s1="2.82993" s2="3.11463" q0="-5.96046e-008" q1="0.177849" q2="5.96046e-008" r0="0.936739" r1="9.61075e-008" r2="-0.350027" r3="0" r4="-1.3851e-007" r5="1" r6="-9.61075e-008" r7="0" r8="0.350027" r9="1.3851e-007" r10="0.936739" r11="0" r12="0" r13="0" r14="0" r15="1" id="18" color_r="1" color_g="1" color_b="1" type_file="Data/Objects/Environment/Rocks/strata_rocks/strata_rock_facade.xml">
        <parameters />
    </EnvObject>
    <EnvObject t0="-179.52" t1="28.7392" t2="38.7411" s0="7.49627" s1="3.07287" s2="3.15831" q0="-1.19209e-007" q1="0.548573" q2="0" r0="0.398135" r1="-1.3079e-007" r2="-0.917327" r3="0" r4="-1.3079e-007" r5="1" r6="-1.99342e-007" r7="0" r8="0.917327" r9="1.99342e-007" r10="0.398135" r11="0" r12="0" r13="0" r14="0" r15="1" id="19" color_r="1" color_g="1" color_b="1" type_file="Data/Objects/Environment/Rocks/strata_rocks/strata_rock_facade.xml">
        <parameters />
    </EnvObject>
    <EnvObject t0="-140.021" t1="52.7872" t2="-32.8329" s0="2.79234" s1="3.38341" s2="5.71316" q0="-0.0934618" q1="0.011223" q2="-0.799206" r0="-0.277712" r1="-0.950979" r2="0.136066" r3="0" r4="0.946784" r5="-0.294931" r6="-0.128904" r7="0" r8="0.162715" r9="0.0930264" r10="0.982278" r11="0" r12="0" r13="0" r14="0" r15="1" id="20" color_r="1" color_g="1" color_b="1" type_file="Data/Objects/Environment/Rocks/strata_rocks/strata_rock_pillar.xml">
        <parameters />
    </EnvObject>
    <EnvObject t0="-164.749" t1="52.3036" t2="-28.6726" s0="2.79234" s1="3.38341" s2="5.71316" q0="-0.0870402" q1="0.0358478" q2="-0.610986" r0="0.250822" r1="-0.966741" r2="0.0500062" r3="0" r4="0.95426" r5="0.23824" r6="-0.180637" r7="0" r8="0.162715" r9="0.0930265" r10="0.982278" r11="0" r12="0" r13="0" r14="0" r15="1" id="21" color_r="1" color_g="1" color_b="1" type_file="Data/Objects/Environment/Rocks/strata_rocks/strata_rock_pillar.xml">
        <parameters />
    </EnvObject>
    <PlaceholderObject t0="-149.464" t1="37.7613" t2="-28.2777" s0="1" s1="1" s2="1" q0="-0.00430262" q1="-1.16415e-008" q2="0.000804722" r0="0.999999" r1="0.00160943" r2="-6.90154e-006" r3="0" r4="-0.00160943" r5="0.999962" r6="-0.00860516" r7="0" r8="-6.94811e-006" r9="0.00860516" r10="0.999963" r11="0" r12="0" r13="0" r14="0" r15="1" id="22" type_file="" special_type="0">
        <parameters>
            <parameter name="Dialogue" type="string" val="Data\Levels\Haven\Dialogues\ki2\ki2_campfireladies.txt" />
            <parameter name="DisplayName" type="string" val="FirepitLadies" />
            <parameter name="NumParticipants" type="int" val="3" />
            <parameter name="Script" type="string" val='#name &quot;FirepitLadies&quot;&#x0A;#participants 3&#x0A;&#x0A;send_character_message 3 &quot;set_animation \&quot;Data\Animations\r_sit_cross_legged.anm\&quot;&quot;&#x0A;set_character_pos 2 -149.348 37.6107 -34.5883 -170&#x0A;send_character_message 2 &quot;set_animation \&quot;Data\Animations\r_sit_cross_legged.anm\&quot;&quot;&#x0A;set_character_pos 1 -150.918 37.5306 -33.2157 106&#x0A;send_character_message 1 &quot;set_animation \&quot;Data\Animations\r_dialogue_handneck.anm\&quot;&quot;&#x0A;send_character_message 1 &quot;set_eye_dir -151.372 38.312 -33.2462 1&quot;&#x0A;send_character_message 1 &quot;set_head_target -151.022 37.9755 -34.1057 1&quot;&#x0A;set_cam -151.484 37.6966 -36.4633 7.38 -167.94 0 38.9459&#x0A;say 1 &quot;Myst&quot; &quot;I uh-..  Hi!&quot;&#x0A;send_character_message 3 &quot;set_torso_target -150.735 37.767 -34.4735 0.831657&quot;&#x0A;send_character_message 3 &quot;set_head_target -150.82 37.9272 -34.8462 1&quot;&#x0A;set_cam -153.663 37.9972 -34.5131 -1.63 -110.13 3.85 53.4619&#x0A;send_character_message 1 &quot;set_torso_target -150.937 37.5832 -33.5113 1&quot;&#x0A;send_character_message 1 &quot;set_head_target -149.978 37.7115 -34.254 1&quot;&#x0A;send_character_message 1 &quot;set_animation \&quot;Data\Animations\r_sit_cross_legged.anm\&quot;&quot;&#x0A;set_character_pos 1 -150.97 37.5306 -33.2396 103&#x0A;send_character_message 2 &quot;set_head_target -150.6 38.2091 -33.2497 1&quot;&#x0A;set_character_pos 2 -149.348 37.6107 -34.5883 -172&#x0A;say 2 &quot;Lady&quot; &quot;Oh.. Hi!&quot;&#x0A;send_character_message 1 &quot;set_head_target -151.864 37.8771 -33.5679 1&quot;&#x0A;send_character_message 1 &quot;set_torso_target -151.194 37.5832 -33.9017 1&quot;&#x0A;send_character_message 3 &quot;set_torso_target -151.892 37.6709 -33.6169 0.831657&quot;&#x0A;send_character_message 2 &quot;set_head_target -152.363 37.7017 -33.7805 1&quot;&#x0A;send_character_message 3 &quot;set_head_target -151.709 37.9272 -33.8063 1&quot;&#x0A;say 3 &quot;Other Lady&quot; &quot;.. Hello~.&quot;&#x0A;send_character_message 1 &quot;set_torso_target -151.181 37.4285 -33.7857 1&quot;&#x0A;send_character_message 3 &quot;set_torso_target -151.833 37.6709 -33.801 0.831657&quot;&#x0A;send_character_message 1 &quot;set_head_target -151.499 37.8169 -33.526 1&quot;&#x0A;send_character_message 3 &quot;set_head_target -152.05 37.8495 -34.2003 1&quot;&#x0A;send_character_message 2 &quot;set_head_target -152.35 37.6523 -33.7805 1&quot;&#x0A;set_cam -152.085 37.8259 -34.9447 -1.92 -146.14 -1.06 26.888&#x0A;say 1 &quot;Myst&quot; &quot;You two came out of Vyl, right?&quot;&#x0A;send_character_message 1 &quot;set_head_target -150.717 37.7813 -33.9033 1&quot;&#x0A;send_character_message 1 &quot;set_torso_target -150.817 37.4285 -33.8772 1&quot;&#x0A;say 1 &quot;Myst&quot; &quot;You two okay?&quot;&#x0A;send_character_message 2 &quot;set_torso_target -150.281 37.5421 -33.8467 1&quot;&#x0A;send_character_message 2 &quot;set_head_target -150.125 37.8791 -34.0409 1&quot;&#x0A;send_character_message 3 &quot;set_head_target -152.475 37.7792 -34.2003 1&quot;&#x0A;set_cam -152.085 37.8259 -34.9447 -0.5 -98.27 -2.13 26.888&#x0A;say 2 &quot;Lady&quot; &quot;Yeah..  We&apos;re fine..  Right, Miki?&quot;&#x0A;send_character_message 3 &quot;set_torso_target -151.669 37.6709 -33.8083 0.831657&quot;&#x0A;send_character_message 3 &quot;set_head_target -152.604 37.6838 -34.5317 1&quot;&#x0A;send_character_message 1 &quot;set_head_target -150.734 37.7813 -33.9057 1&quot;&#x0A;set_cam -151.671 37.8376 -35.289 -1.29 131.02 1.77 26.888&#x0A;say 3 &quot;Miki&quot; &quot;I-..  I&apos;m a little shaken.  But we&apos;re here, right?&quot;&#x0A;send_character_message 3 &quot;set_head_target -152.046 37.8748 -33.9691 1&quot;&#x0A;send_character_message 3 &quot;set_torso_target -151.679 37.6709 -34.1144 0.831657&quot;&#x0A;say 3 &quot;Miki&quot; &quot;Actually, sir..  What&apos;s your name?&quot;&#x0A;send_character_message 1 &quot;set_head_target -151.63 37.8177 -33.7098 1&quot;&#x0A;set_cam -151.671 37.8376 -35.289 -2.15 -164.09 -0.42 26.888&#x0A;say 1 &quot;Myst&quot; &quot;My name&apos;s Mystique.  Why?&quot;&#x0A;send_character_message 3 &quot;set_torso_target -151.852 37.7724 -33.73 0.831657&quot;&#x0A;send_character_message 3 &quot;set_head_target -152.081 37.7491 -33.8228 1&quot;&#x0A;set_cam -151.553 37.9834 -35.3598 -3.75 131.05 3.37 26.888&#x0A;say 3 &quot;Miki&quot; &quot;Okay, Mystique..  Do you by-chance know where we are?&quot;&#x0A;send_character_message 1 &quot;set_torso_target -151.15 37.4285 -33.9814 1&quot;&#x0A;send_character_message 3 &quot;set_torso_target -151.86 37.7724 -33.7364 0.831657&quot;&#x0A;set_cam -151.553 37.9834 -35.3598 -4.62 -163.47 -3.95 26.888&#x0A;say 1 &quot;Myst&quot; &quot;Yes.  We&apos;re in Rog Country.  The outback.  There&apos;s plenty of wolves, here.&quot;&#x0A;set_cam -151.561 37.9846 -35.3891 -2.75 -111.63 -0.26 26.888&#x0A;say 2 &quot;Lady&quot; &quot;.. Wolves?&quot;&#x0A;send_character_message 1 &quot;set_torso_target -150.841 37.4285 -33.9959 1&quot;&#x0A;send_character_message 1 &quot;set_head_target -150.685 37.7493 -33.9616 1&quot;&#x0A;set_cam -151.449 37.7544 -35.5696 -0.55 -168.16 2.1 26.888&#x0A;say 1 &quot;Myst&quot; &quot;Haha, [wait 0.1] don&apos;t worry though.  It&apos;ll be just fine.&quot;&#x0A;send_character_message 1 &quot;set_torso_target -150.729 37.4285 -33.9503 1&quot;&#x0A;send_character_message 1 &quot;set_head_target -150.245 37.6889 -33.9934 1&quot;&#x0A;say 1 &quot;Myst&quot; &quot;The only reason you&apos;d have a problem here is if you disturb the forest.&quot;&#x0A;set_cam -151.494 37.8547 -36.246 -8.78 -168.46 2.12 26.888&#x0A;send_character_message 1 &quot;set_head_target -151.189 37.6304 -34.4816 1&quot;&#x0A;send_character_message 2 &quot;set_head_target -150.088 37.8791 -33.9841 1&quot;&#x0A;send_character_message 2 &quot;set_torso_target -150.22 37.5421 -33.7652 1&quot;&#x0A;say 1 &quot;Myst&quot; &quot;...&quot;&#x0A;send_character_message 3 &quot;set_head_target -152.021 37.4584 -33.4419 1&quot;&#x0A;send_character_message 3 &quot;set_torso_target -151.866 37.446 -33.2797 0.831657&quot;&#x0A;set_cam -151.251 37.8305 -35.3579 -2.45 126.07 2.96 26.888&#x0A;say 3 &quot;Miki&quot; &quot;I don&apos;t think now&apos;s the time for jokes, friend.&quot;&#x0A;send_character_message 1 &quot;set_head_target -151.051 37.4488 -34.0314 1&quot;&#x0A;set_cam -151.261 37.9034 -35.3515 -3.75 -171.49 -0.86 26.888&#x0A;say 1 &quot;Myst&quot; &quot;.. Yeah; right, [wait 0.2] Sorry.&quot;&#x0A;send_character_message 2 &quot;set_head_target -150.159 37.6622 -34.3282 1&quot;&#x0A;send_character_message 2 &quot;set_torso_target -150.067 37.1706 -34.4146 1&quot;&#x0A;set_cam -151.261 37.9034 -35.3515 -3.27 -111.63 -3.68 26.888&#x0A;say 2 &quot;Lady&quot; &quot;They&apos;re going to destroy our homes, Myst..&quot;&#x0A;send_character_message 2 &quot;set_head_target -150.105 37.8552 -33.721 1&quot;&#x0A;say 2 &quot;Lady&quot; &quot;I knew it was bad, but I didn&apos;t think it&apos;d actually happen..&quot;&#x0A;send_character_message 1 &quot;set_head_target -150.241 37.7544 -34.123 1&quot;&#x0A;send_character_message 1 &quot;set_torso_target -151.063 37.6486 -33.8458 1&quot;&#x0A;set_cam -151.261 37.9034 -35.3515 -4.78 -173.72 1.16 26.888&#x0A;say 1 &quot;Myst&quot; &quot;I didn&apos;t either.  I had to be woken up by my Sister.&quot;&#x0A;send_character_message 1 &quot;set_head_target -150.277 37.8784 -34.123 1&quot;&#x0A;say 1 &quot;Myst&quot; &quot;They could have gotten me in my sleep and I would never have known.&quot;&#x0A;send_character_message 3 &quot;set_head_target -152.019 37.4775 -33.6519 1&quot;&#x0A;send_character_message 3 &quot;set_torso_target -151.427 37.446 -33.9123 0.831657&quot;&#x0A;set_cam -151.261 37.9034 -35.3515 -1.56 130.52 1.53 26.888&#x0A;say 3 &quot;Miki&quot; &quot;I&apos;m still trying to figure out why they sent rabbits to gather our debts..&quot;&#x0A;send_character_message 3 &quot;set_head_target -152.005 37.6857 -33.136 1&quot;&#x0A;say 3 &quot;Miki&quot; &quot;Something doesn&apos;t seem right to me.&quot;&#x0A;send_character_message 1 &quot;set_torso_target -150.905 37.6486 -33.9051 1&quot;&#x0A;send_character_message 1 &quot;set_head_target -150.447 38.0908 -34.5915 1&quot;&#x0A;send_character_message 1 &quot;set_animation \&quot;Data\Animations\r_dialogue_armcross.anm\&quot;&quot;&#x0A;set_cam -151.219 38.452 -35.8661 -2.15 -175.14 -0.37 26.888&#x0A;send_character_message 3 &quot;set_head_target -152.005 37.6857 -33.136 1&quot;&#x0A;say 1 &quot;Myst&quot; &quot;My family is very powerful.  We&apos;ll find a way to fix this.  Don&apos;t worry.&quot;&#x0A;send_character_message 1 &quot;set_head_target -152.648 38.0908 -34.2426 1&quot;&#x0A;send_character_message 1 &quot;set_torso_target -151.423 37.6486 -33.8506 1&quot;&#x0A;say 1 &quot;Myst&quot; &quot;We want Vyl back just as bad as you do.&quot;&#x0A;' />
            <parameter name="obj_1" type="int" val="23" />
            <parameter name="obj_2" type="int" val="24" />
            <parameter name="obj_3" type="int" val="25" />
        </parameters>
        <Connections>
            <Connection id="22" />
        </Connections>
    </PlaceholderObject>
    <PlaceholderObject t0="-149.115" t1="38.4618" t2="-28.2837" s0="0.3" s1="0.3" s2="0.3" q0="-0.00430262" q1="-1.16415e-008" q2="0.000804722" r0="0.999999" r1="0.00160943" r2="-6.90154e-006" r3="0" r4="-0.00160943" r5="0.999962" r6="-0.00860516" r7="0" r8="-6.94811e-006" r9="0.00860516" r10="0.999963" r11="0" r12="0" r13="0" r14="0" r15="1" id="23" type_file="" special_type="2">
        <parameters />
        <Connections>
            <Connection id="227" />
        </Connections>
    </PlaceholderObject>
    <PlaceholderObject t0="-149.465" t1="38.4613" t2="-28.2837" s0="0.3" s1="0.3" s2="0.3" q0="-0.00430262" q1="-1.16415e-008" q2="0.000804722" r0="0.999999" r1="0.00160943" r2="-6.90154e-006" r3="0" r4="-0.00160943" r5="0.999962" r6="-0.00860516" r7="0" r8="-6.94811e-006" r9="0.00860516" r10="0.999963" r11="0" r12="0" r13="0" r14="0" r15="1" id="24" type_file="" special_type="2">
        <parameters />
        <Connections>
            <Connection id="9506" />
        </Connections>
    </PlaceholderObject>
    <PlaceholderObject t0="-149.815" t1="38.4607" t2="-28.2837" s0="0.3" s1="0.3" s2="0.3" q0="-0.00430262" q1="-1.16415e-008" q2="0.000804722" r0="0.999999" r1="0.00160943" r2="-6.90154e-006" r3="0" r4="-0.00160943" r5="0.999962" r6="-0.00860516" r7="0" r8="-6.94811e-006" r9="0.00860516" r10="0.999963" r11="0" r12="0" r13="0" r14="0" r15="1" id="25" type_file="" special_type="2">
        <parameters />
        <Connections>
            <Connection id="9508" />
        </Connections>
    </PlaceholderObject>
    <Hotspot t0="-151.144" t1="40.274" t2="-34.3718" s0="1.54396" s1="1.70434" s2="1.18112" q0="4.37806e-008" q1="0.0426957" q2="-4.41814e-009" r0="0.996354" r1="-5.08974e-009" r2="-0.0853135" r3="0" r4="1.25667e-008" r5="1" r6="8.71041e-008" r7="0" r8="0.0853135" r9="-8.78586e-008" r10="0.996354" r11="0" r12="0" r13="0" r14="0" r15="1" id="32" type_file="Data/Objects/Hotspots/start_dialogue.xml">
        <parameters>
            <parameter name="Automatic" type="string" val="0" />
            <parameter name="Dialogue" type="string" val="FirepitLadies" />
            <parameter name="Visible in game" type="string" val="1" />
        </parameters>
    </Hotspot>
    <EnvObject t0="226.095" t1="10.964" t2="-53.5534" s0="744.764" s1="21.338" s2="716.574" q0="0" q1="0" q2="0" r0="1" r1="0" r2="0" r3="0" r4="0" r5="1" r6="0" r7="0" r8="0" r9="0" r10="1" r11="0" r12="0" r13="0" r14="0" r15="1" id="33" color_r="1" color_g="1" color_b="1" type_file="Data\Objects\water_test.xml">
        <parameters />
    </EnvObject>
    <ActorObject t0="-155.392" t1="33.6576" t2="25.6962" s0="1.04689" s1="1.04689" s2="1.04689" q0="0.929406" q1="0.00869979" q2="-0.368925" r0="0.727637" r1="0.0126229" r2="-0.685846" r3="0" r4="0.0197196" r5="-0.999802" r6="0.00251991" r7="0" r8="-0.685679" r9="-0.0153582" r10="-0.727742" r11="0" r12="0" r13="0" r14="0" r15="1" id="227" type_file="Data/Objects/characters/cats/male_cat_actor.xml" is_player="1">
        <parameters>
            <parameter name="Aggression" type="string" val="0.5" />
            <parameter name="Attack Damage" type="string" val="1.3" />
            <parameter name="Attack Knockback" type="string" val="1.3" />
            <parameter name="Attack Speed" type="string" val="1" />
            <parameter name="Block Follow-up" type="string" val="0.5" />
            <parameter name="Block Skill" type="string" val="0.5" />
            <parameter name="Character Scale" type="string" val="0.98" />
            <parameter name="Damage Resistance" type="string" val="2" />
            <parameter name="Ear Size" type="string" val="1" />
            <parameter name="Fat" type="string" val="0.5" />
            <parameter name="Focus FOV distance" type="string" val="10" />
            <parameter name="Focus FOV horizontal" type="string" val="0.63" />
            <parameter name="Focus FOV vertical" type="string" val="0.63" />
            <parameter name="Ground Aggression" type="string" val="0.5" />
            <parameter name="Knockout Shield" type="string" val="4" />
            <parameter name="Left handed" type="string" val="0" />
            <parameter name="Movement Speed" type="string" val="1" />
            <parameter name="Muscle" type="string" val="0.5" />
            <parameter name="Peripheral FOV distance" type="string" val="4" />
            <parameter name="Peripheral FOV horizontal" type="string" val="1.4100000000000001" />
            <parameter name="Peripheral FOV vertical" type="string" val="1.4100000000000001" />
            <parameter name="Static" type="string" val="0" />
            <parameter name="Teams" type="string" val="cat" />
        </parameters>
        <Connections>
            <Connection id="-1" />
        </Connections>
        <ItemConnections />
        <Palette>
            <Color label="Fur" channel="0" red="0.0431373" green="0.0431373" blue="0.0431373" />
            <Color label="Shirt" channel="1" red="0.160784" green="0.592157" blue="0.576471" />
            <Color label="Pants" channel="2" red="0.831373" green="0.831373" blue="0.831373" />
            <Color label="Spots" channel="3" red="0.00392157" green="0.00392157" blue="0.00392157" />
        </Palette>
    </ActorObject>
    <EnvObject t0="-91.9877" t1="28.7392" t2="-9.70266" s0="7.49627" s1="3.07287" s2="3.15831" q0="-5.96046e-008" q1="0.560412" q2="0" r0="0.371877" r1="-6.68063e-008" r2="-0.928282" r3="0" r4="-6.68063e-008" r5="1" r6="-9.87307e-008" r7="0" r8="0.928282" r9="9.87307e-008" r10="0.371877" r11="0" r12="0" r13="0" r14="0" r15="1" id="1584" color_r="1" color_g="1" color_b="1" type_file="Data/Objects/Environment/Rocks/strata_rocks/strata_rock_facade.xml">
        <parameters />
    </EnvObject>
    <EnvObject t0="-200.401" t1="47.0721" t2="29.6121" s0="7.49627" s1="3.07287" s2="3.15831" q0="2.98023e-008" q1="-0.971874" q2="5.96046e-008" r0="-0.889078" r1="-2.98542e-008" r2="0.457755" r3="0" r4="-8.60021e-008" r5="1" r6="-1.01819e-007" r7="0" r8="-0.457755" r9="-1.29893e-007" r10="-0.889078" r11="0" r12="0" r13="0" r14="0" r15="1" id="1585" color_r="1" color_g="1" color_b="1" type_file="Data/Objects/Environment/Rocks/strata_rocks/strata_rock_facade.xml">
        <parameters />
    </EnvObject>
    <EnvObject t0="-197.489" t1="47.0721" t2="49.1294" s0="7.49627" s1="3.07287" s2="3.15831" q0="2.98023e-008" q1="-0.999999" q2="5.96046e-008" r0="-0.999996" r1="-5.94348e-008" r2="0.00284714" r3="0" r4="-5.97742e-008" r5="1" r6="-1.19124e-007" r7="0" r8="-0.00284714" r9="-1.19294e-007" r10="-0.999996" r11="0" r12="0" r13="0" r14="0" r15="1" id="1586" color_r="1" color_g="1" color_b="1" type_file="Data/Objects/Environment/Rocks/strata_rocks/strata_rock_facade.xml">
        <parameters />
    </EnvObject>
    <EnvObject t0="-196.217" t1="47.0721" t2="63.7602" s0="7.49627" s1="3.07287" s2="3.15831" q0="-5.96046e-008" q1="-0.0984209" q2="5.96046e-008" r0="0.980627" r1="1.30363e-007" r2="0.195886" r3="0" r4="-1.06898e-007" r5="1" r6="-1.30363e-007" r7="0" r8="-0.195886" r9="1.06898e-007" r10="0.980627" r11="0" r12="0" r13="0" r14="0" r15="1" id="1587" color_r="1" color_g="1" color_b="1" type_file="Data/Objects/Environment/Rocks/strata_rocks/strata_rock_facade.xml">
        <parameters />
    </EnvObject>
    <EnvObject t0="-201.636" t1="47.0721" t2="12.9389" s0="7.49627" s1="3.07287" s2="3.15831" q0="-5.96046e-008" q1="-0.0984209" q2="5.96046e-008" r0="0.980627" r1="1.30363e-007" r2="0.195886" r3="0" r4="-1.06898e-007" r5="1" r6="-1.30363e-007" r7="0" r8="-0.195886" r9="1.06898e-007" r10="0.980627" r11="0" r12="0" r13="0" r14="0" r15="1" id="1588" color_r="1" color_g="1" color_b="1" type_file="Data/Objects/Environment/Rocks/strata_rocks/strata_rock_facade.xml">
        <parameters />
    </EnvObject>
    <EnvObject t0="-196.89" t1="47.0108" t2="-8.18692" s0="7.49627" s1="3.07287" s2="3.15831" q0="0.00577903" q1="-0.136778" q2="0.000346839" r0="0.962583" r1="-0.000893741" r2="0.270984" r3="0" r4="-0.00226803" r5="0.999933" r6="0.0113544" r7="0" r8="-0.270976" r9="-0.0115441" r10="0.962517" r11="0" r12="0" r13="0" r14="0" r15="1" id="1589" color_r="1" color_g="1" color_b="1" type_file="Data/Objects/Environment/Rocks/strata_rocks/strata_rock_facade.xml">
        <parameters />
    </EnvObject>
    <EnvObject t0="-185.23" t1="47.2067" t2="-23.1147" s0="7.49627" s1="3.07287" s2="3.15831" q0="0.00557357" q1="-0.453802" q2="-0.00156581" r0="0.588123" r1="-0.00784913" r2="0.808734" r3="0" r4="-0.00226806" r5="0.999933" r6="0.0113542" r7="0" r8="-0.808769" r9="-0.0085119" r10="0.588065" r11="0" r12="0" r13="0" r14="0" r15="1" id="1590" color_r="1" color_g="1" color_b="1" type_file="Data/Objects/Environment/Rocks/strata_rocks/strata_rock_facade.xml">
        <parameters />
    </EnvObject>
    <EnvObject t0="-191.166" t1="42.4643" t2="-13.1661" s0="7.49627" s1="3.07287" s2="3.15831" q0="0.000169635" q1="0.974451" q2="0.00578684" r0="-0.899176" r1="0.00292919" r2="-0.437576" r3="0" r4="-0.00226799" r5="0.999933" r6="0.0113542" r7="0" r8="0.43758" r9="0.0112018" r10="-0.89911" r11="0" r12="0" r13="0" r14="0" r15="1" id="1591" color_r="1" color_g="1" color_b="1" type_file="Data/Objects/Environment/Rocks/strata_rocks/strata_rock_facade.xml">
        <parameters />
    </EnvObject>
    <EnvObject t0="-196.331" t1="36.5471" t2="18.2126" s0="7.49627" s1="3.07287" s2="3.15831" q0="0.00150935" q1="-0.997766" q2="-0.00558911" r0="-0.991137" r1="-0.00375591" r2="0.132794" r3="0" r4="-0.002268" r5="0.999933" r6="0.0113542" r7="0" r8="-0.132828" r9="0.0109523" r10="-0.991079" r11="0" r12="0" r13="0" r14="0" r15="1" id="1592" color_r="1" color_g="1" color_b="1" type_file="Data/Objects/Environment/Rocks/strata_rocks/strata_rock_facade.xml">
        <parameters />
    </EnvObject>
    <EnvObject t0="-183.624" t1="30.2054" t2="21.0954" s0="4.82349" s1="2.46605" s2="2.35253" q0="0.0585435" q1="0.148731" q2="-0.0475166" r0="0.951243" r1="-0.0762882" r2="-0.298861" r3="0" r4="0.111117" r5="0.98863" r6="0.101313" r7="0" r8="0.287734" r9="-0.129582" r10="0.948904" r11="0" r12="0" r13="0" r14="0" r15="1" id="1593" color_r="1" color_g="1" color_b="1" type_file="Data/Objects/Environment/Rocks/strata_rocks/strata_rock_facade.xml">
        <parameters />
    </EnvObject>
    <EnvObject t0="-185.916" t1="32.4785" t2="1.42803" s0="4.82349" s1="2.46605" s2="2.35253" q0="0.044456" q1="-0.108191" q2="-0.0609002" r0="0.969172" r1="-0.130356" r2="0.209077" r3="0" r4="0.111117" r5="0.98863" r6="0.101313" r7="0" r8="-0.219907" r9="-0.0749578" r10="0.972637" r11="0" r12="0" r13="0" r14="0" r15="1" id="1594" color_r="1" color_g="1" color_b="1" type_file="Data/Objects/Environment/Rocks/strata_rocks/strata_rock_facade.xml">
        <parameters />
    </EnvObject>
    <EnvObject t0="-176.375" t1="33.4293" t2="-18.562" s0="4.82349" s1="2.46605" s2="2.35253" q0="0.0291783" q1="-0.381081" q2="-0.0715173" r0="0.699325" r1="-0.154018" r2="0.698014" r3="0" r4="0.109541" r5="0.988068" r6="0.108272" r7="0" r8="-0.706361" r9="0.000743285" r10="0.707852" r11="0" r12="0" r13="0" r14="0" r15="1" id="1595" color_r="1" color_g="1" color_b="1" type_file="Data/Objects/Environment/Rocks/strata_rocks/strata_rock_facade.xml">
        <parameters />
    </EnvObject>
    <EnvObject t0="-175.465" t1="38.8003" t2="25.0969" s0="1.89756" s1="1.89756" s2="1.89756" q0="0" q1="0" q2="0" r0="1" r1="0" r2="0" r3="0" r4="0" r5="1" r6="0" r7="0" r8="0" r9="0" r10="1" r11="0" r12="0" r13="0" r14="0" r15="1" id="1596" color_r="1" color_g="1" color_b="1" type_file="Data/Objects/Environment/Rocks/strata_rocks/strata_rock_pillar.xml">
        <parameters />
    </EnvObject>
    <EnvObject t0="-180.702" t1="56.4841" t2="-21.1627" s0="2.16597" s1="4.11296" s2="1.97124" q0="0" q1="0.405912" q2="-5.96046e-008" r0="0.670471" r1="-1.08947e-007" r2="-0.741936" r3="0" r4="1.08947e-007" r5="1" r6="-4.83884e-008" r7="0" r8="0.741936" r9="-4.83884e-008" r10="0.670471" r11="0" r12="0" r13="0" r14="0" r15="1" id="1597" color_r="1" color_g="1" color_b="1" type_file="Data/Objects/Environment/Rocks/strata_rocks/strata_rock_capital.xml">
        <parameters />
    </EnvObject>
    <EnvObject t0="-180.119" t1="38.7835" t2="12.8797" s0="1" s1="1" s2="1" q0="0" q1="0" q2="0" r0="1" r1="0" r2="0" r3="0" r4="0" r5="1" r6="0" r7="0" r8="0" r9="0" r10="1" r11="0" r12="0" r13="0" r14="0" r15="1" id="1598" color_r="1" color_g="1" color_b="1" type_file="Data/Objects/Environment/Rocks/strata_rocks/strata_rock_block.xml">
        <parameters />
    </EnvObject>
    <EnvObject t0="-177.313" t1="38.8003" t2="-5.28524" s0="1.89756" s1="1.89756" s2="1.89756" q0="0" q1="0" q2="0" r0="1" r1="0" r2="0" r3="0" r4="0" r5="1" r6="0" r7="0" r8="0" r9="0" r10="1" r11="0" r12="0" r13="0" r14="0" r15="1" id="1599" color_r="1" color_g="1" color_b="1" type_file="Data/Objects/Environment/Rocks/strata_rocks/strata_rock_pillar.xml">
        <parameters />
    </EnvObject>
    <EnvObject t0="-188.122" t1="52.1431" t2="2.41857" s0="1" s1="1" s2="1" q0="0.111595" q1="0.016508" q2="-0.26512" r0="0.858878" r1="-0.50407" r2="-0.090788" r3="0" r4="0.511439" r5="0.834516" r6="0.204972" r7="0" r8="-0.0275562" r9="-0.222478" r10="0.974548" r11="0" r12="0" r13="0" r14="0" r15="1" id="1600" color_r="1" color_g="1" color_b="1" type_file="Data/Objects/Environment/Rocks/strata_rocks/strata_rock_block.xml">
        <parameters />
    </EnvObject>
    <EnvObject t0="-174.292" t1="35.7944" t2="20.7871" s0="1" s1="1" s2="1" q0="0" q1="0" q2="0" r0="1" r1="0" r2="0" r3="0" r4="0" r5="1" r6="0" r7="0" r8="0" r9="0" r10="1" r11="0" r12="0" r13="0" r14="0" r15="1" id="6648" color_r="1" color_g="1" color_b="1" type_file="Data/Objects/Plants/Trees/temperate/thick_bush.xml">
        <parameters />
    </EnvObject>
    <EnvObject t0="-176.695" t1="36.4601" t2="15.5322" s0="1" s1="1" s2="1" q0="0" q1="0" q2="0" r0="1" r1="0" r2="0" r3="0" r4="0" r5="1" r6="0" r7="0" r8="0" r9="0" r10="1" r11="0" r12="0" r13="0" r14="0" r15="1" id="6649" color_r="1" color_g="1" color_b="1" type_file="Data/Objects/Plants/Trees/temperate/thick_bush.xml">
        <parameters />
    </EnvObject>
    <EnvObject t0="-169.956" t1="34.482" t2="25.3329" s0="1" s1="1" s2="1" q0="0" q1="0" q2="0" r0="1" r1="0" r2="0" r3="0" r4="0" r5="1" r6="0" r7="0" r8="0" r9="0" r10="1" r11="0" r12="0" r13="0" r14="0" r15="1" id="6650" color_r="1" color_g="1" color_b="1" type_file="Data/Objects/Plants/Trees/temperate/thick_bush.xml">
        <parameters />
    </EnvObject>
    <EnvObject t0="-168.961" t1="33.9203" t2="26.811" s0="1" s1="1" s2="1" q0="0" q1="0" q2="0" r0="1" r1="0" r2="0" r3="0" r4="0" r5="1" r6="0" r7="0" r8="0" r9="0" r10="1" r11="0" r12="0" r13="0" r14="0" r15="1" id="6651" color_r="1" color_g="1" color_b="1" type_file="Data/Objects/Plants/Trees/temperate/thick_bush.xml">
        <parameters />
    </EnvObject>
    <EnvObject t0="-170.392" t1="36.044" t2="26.8621" s0="1" s1="1" s2="1" q0="0" q1="0" q2="0" r0="1" r1="0" r2="0" r3="0" r4="0" r5="1" r6="0" r7="0" r8="0" r9="0" r10="1" r11="0" r12="0" r13="0" r14="0" r15="1" id="6652" color_r="1" color_g="1" color_b="1" type_file="Data/Objects/Plants/Trees/temperate/thick_bush.xml">
        <parameters />
    </EnvObject>
    <EnvObject t0="-172.461" t1="34.8875" t2="21.7258" s0="1" s1="1" s2="1" q0="0" q1="0" q2="0" r0="1" r1="0" r2="0" r3="0" r4="0" r5="1" r6="0" r7="0" r8="0" r9="0" r10="1" r11="0" r12="0" r13="0" r14="0" r15="1" id="6653" color_r="1" color_g="1" color_b="1" type_file="Data/Objects/Plants/Trees/temperate/thick_bush.xml">
        <parameters />
    </EnvObject>
    <EnvObject t0="-176.138" t1="35.4962" t2="16.7103" s0="1" s1="1" s2="1" q0="0" q1="0" q2="0" r0="1" r1="0" r2="0" r3="0" r4="0" r5="1" r6="0" r7="0" r8="0" r9="0" r10="1" r11="0" r12="0" r13="0" r14="0" r15="1" id="6654" color_r="1" color_g="1" color_b="1" type_file="Data/Objects/Plants/Trees/temperate/thick_bush.xml">
        <parameters />
    </EnvObject>
    <EnvObject t0="-176.786" t1="36.0977" t2="13.674" s0="1" s1="1" s2="1" q0="0" q1="0" q2="0" r0="1" r1="0" r2="0" r3="0" r4="0" r5="1" r6="0" r7="0" r8="0" r9="0" r10="1" r11="0" r12="0" r13="0" r14="0" r15="1" id="6655" color_r="1" color_g="1" color_b="1" type_file="Data/Objects/Plants/Trees/temperate/thick_bush.xml">
        <parameters />
    </EnvObject>
    <PlaceholderObject t0="-156.511" t1="33.0253" t2="23.5149" s0="1" s1="1" s2="1" q0="0" q1="0" q2="0" r0="1" r1="0" r2="0" r3="0" r4="0" r5="1" r6="0" r7="0" r8="0" r9="0" r10="1" r11="0" r12="0" r13="0" r14="0" r15="1" id="6656" type_file="" special_type="0">
        <parameters>
            <parameter name="Dialogue" type="string" val="Data\Levels\Haven\Dialogues\ki2\ki2_intro.txt" />
            <parameter name="DisplayName" type="string" val="ArriveDock" />
            <parameter name="NumParticipants" type="int" val="2" />
